background
data
season
respiratori
virus
help
ensur
optim
vaccin
period
monitor
possibl
outbreak
variant
type
object
studi
design
describ
molecular
epidemiolog
season
acut
respiratori
infect
ari
relat
respiratori
virus
unit
arab
emir
uae
method
upper
lower
respiratori
specimen
collect
analysi
patient
visit
sheikh
khalifa
specialti
hospit
sksh
ari
year
multiplex
realtim
revers
transcript
polymeras
chain
reaction
rrtpcr
test
use
detect
respiratori
virus
includ
human
adenoviru
influenza
viru
flu
b
respiratori
syncyti
viru
parainfluenza
virus
human
rhinoviru
hrv
human
metapneumoviru
human
enteroviru
human
coronaviru
human
bocaviru
result
total
respiratori
sampl
collect
male
femal
patient
ari
visit
sksh
novemb
februari
rrtpcr
test
reveal
overal
posit
rate
posit
rate
increas
winter
highest
decemb
lowest
septemb
flu
frequent
detect
viru
follow
human
rhinoviru
flu
posit
rate
show
two
peak
occur
august
decemb
peaktolow
ratio
flu
confid
interv
conclus
pattern
flu
uae
parallel
temper
countri
trend
small
peak
flu
summer
suggest
possibl
semiseason
pattern
uae
k
e
w
r
human
influenza
molecular
epidemiolog
respiratori
tract
infect
season
unit
arab
emir
uae
accordingli
understand
epidemiolog
respiratori
virus
import
promot
prepared
tackl
public
health
threat
epidemiolog
arirel
respiratori
virus
develop
countri
temper
climat
well
studi
contrari
accumul
knowledg
ari
temper
region
epidemiolog
research
acut
respiratori
viral
ill
tropic
subtrop
area
limit
although
epidemiolog
divers
accord
local
climat
latitud
well
studi
knowledg
region
distribut
respiratori
virus
essenti
local
prevent
control
ari
also
global
health
decisionmak
knowledg
limit
inform
avail
epidemiolog
clinic
characterist
respiratori
viral
infect
unit
arab
emir
uae
although
studi
nearbi
countri
similar
meteorolog
describ
epidemiolog
ari
report
cover
limit
popul
group
studi
design
describ
molecular
epidemiolog
arirel
respiratori
virus
includ
season
virus
northern
uae
year
collect
upper
lower
respiratori
specimen
analysi
patient
visit
sheikh
khalifa
specialti
hospit
sksh
acut
respiratori
ill
novemb
februari
physician
frequent
encourag
throughout
year
via
sm
email
perform
viral
realtim
revers
transcript
polymeras
chain
reaction
rrtpcr
test
diagnos
suspect
acut
ari
case
ari
defin
simultan
occurr
least
one
respiratori
symptom
sign
cough
purul
sputum
sore
throat
nasal
congest
rhinorrhea
dyspnea
wheez
inject
tonsil
least
one
follow
system
symptom
fever
chill
myalgia
malais
use
edward
harmon
techniqu
method
measur
peaktolow
ratio
edward
techniqu
geometr
model
approach
fit
sine
curv
time
seri
frequenc
use
ordinari
regress
method
peaktolow
ratio
interpret
measur
rel
risk
compar
month
highest
incid
peak
month
lowest
incid
low
trough
posit
rate
respiratori
virus
discret
peak
low
period
compar
use
direct
method
test
analyz
statist
signific
appli
chisquar
test
fisher
exact
test
pair
nomin
data
student
test
appli
analyz
mean
continu
data
twosid
alpha
level
defin
statist
signific
compar
statist
analys
conduct
use
spss
version
softwar
spss
inc
chicago
il
among
virusposit
case
admiss
rate
significantli
higher
elderli
group
two
age
group
tabl
number
flu
hrv
case
larg
enough
evalu
associ
season
peaktolow
ratio
flu
ci
signific
season
p
hrv
detect
yearround
show
signific
season
peaktolow
ratio
hrv
ci
insignific
p
ari
highli
preval
respons
high
burden
diseas
mani
countri
respiratori
viral
infect
common
caus
ari
predict
time
peak
respiratori
viru
activ
import
improv
diseas
control
studi
overal
posit
rate
respiratori
virus
incid
viru
age
group
similar
report
previou
studi
describ
epidemiolog
respiratori
virus
sever
studi
report
men
suscept
viral
infect
vigor
immun
behavior
respons
howev
differ
posit
rate
incid
ari
sex
studi
higher
posit
rate
respiratori
virus
pediatr
group
compat
report
studi
patient
includ
studi
ari
admit
manag
data
show
lower
admiss
rate
virusposit
virusneg
patient
vs
impli
better
prognosi
virusrel
ari
ari
etiolog
note
sever
previou
studi
higher
admiss
rate
elderli
group
also
agreement
report
earlier
studi
flu
common
respiratori
viru
age
group
posit
rate
similar
previou
data
report
studi
oman
common
subtyp
detect
throughout
year
high
incid
flu
may
relat
sever
symptom
characterist
infect
increas
likelihood
patient
visit
emerg
depart
mani
studi
report
ari
symptom
like
experienc
individu
infect
flu
infect
respiratori
virus
addit
infect
sever
b
infect
flu
vaccin
could
influenc
incid
flu
subtyp
present
studi
howev
region
inform
flu
vaccin
avail
uae
studi
hrv
secondmost
commonli
detect
respiratori
age
group
find
agreement
studi
good
access
patient
common
cold
emerg
depart
might
explain
higher
incid
hrv
uae
howev
incid
hrv
could
overestim
mani
patient
test
posit
hrv
emerg
depart
actual
bacteri
coinfect
sever
symptom
could
attribut
bacteri
infect
combin
comorbid
like
asthma
rsv
known
lead
caus
ari
howev
incid
rsv
among
posit
case
studi
lower
report
public
possibl
incid
rsv
underestim
current
studi
compar
small
number
infant
young
children
includ
hot
dri
climat
uae
could
also
possibl
explan
low
incid
rsv
region
rsv
common
raini
season
tropic
subtrop
area
report
low
surviv
rate
high
temperatur
small
number
hcov
hadv
hmpv
hbov
hev
hpiv
case
sporad
detect
studi
report
suggest
mild
symptom
selflimit
natur
infect
patient
may
seek
medic
care
may
lead
underestim
incid
infect
howev
data
suggest
uae
like
temper
countri
divers
set
respiratori
virus
contribut
ari
case
compel
patient
visit
medic
facil
sever
report
incid
sever
infect
believ
data
studi
valu
medic
institut
uae
among
virusposit
case
studi
coinfect
rate
overal
pediatr
group
compat
valu
mention
previou
report
howev
sever
similarli
design
studi
show
higher
rate
coinfect
particularli
young
children
hrv
common
viru
found
case
coinfect
virus
studi
find
agreement
report
literatur
coinfect
flu
hrv
common
studi
although
studi
report
neg
associ
two
virus
flu
hrv
may
detect
coinfect
patient
frequent
incid
virus
higher
respiratori
virus
studi
characterist
semiseason
pattern
respiratori
viral
infect
rate
observ
studi
flu
main
contribut
organ
season
pattern
subtyp
flu
b
contribut
predominantli
winter
peak
low
temperatur
low
specif
humid
winter
season
uae
may
caus
peak
number
flu
case
winter
addit
major
peak
winter
small
peak
august
also
observ
flu
semiseason
pattern
parallel
pattern
report
temper
tropic
countri
northern
hemispher
respiratori
viral
infect
includ
flu
common
winter
temper
countri
howev
flu
rsv
infect
tend
show
annual
peak
associ
raini
season
tropic
area
subtrop
area
previou
studi
observ
respiratori
virus
includ
flu
peak
coldest
month
temper
area
uae
locat
subtrop
area
raini
season
thu
expect
peak
flu
winter
season
common
subtrop
area
howev
flu
uae
show
twopeak
semiseason
pattern
also
observ
region
locat
similar
latitud
taiwan
nepal
major
popul
uae
expos
dri
aircondit
environ
day
especi
summer
season
outsid
temperatur
rang
despit
rel
control
environ
summer
peak
flu
uae
could
explain
prolong
effect
contact
rate
increas
indoor
activ
lower
rel
humid
report
relat
incid
viral
ill
find
impli
potenti
necess
sustain
flu
vaccin
campaign
repeat
vaccin
reduc
sever
flu
infect
especi
highrisk
individu
nationwid
data
need
confirm
semiseason
pattern
flu
uae
studi
subject
limit
first
singl
center
studi
rel
small
sampl
size
moreov
decis
whether
collect
sampl
patient
viral
test
physician
discret
physician
emerg
depart
may
prefer
perform
rapid
influenza
antigen
test
rather
conduct
multiplex
rrtpcr
test
requir
longer
time
produc
result
henc
incid
respiratori
virus
may
underestim
low
sensit
rapid
antigen
test
virus
flu
may
identifi
even
present
sampl
second
result
may
generaliz
entir
popul
uae
studi
specimen
taken
patient
northern
emir
addit
studi
could
underestim
degre
season
uae
season
viral
infect
tend
appar
analys
includ
mild
case
requir
minim
conserv
care
exampl
outpati
care
primari
clinic
knowledg
first
studi
describ
rrtpcrbase
season
pattern
respiratori
virus
relat
ari
uae
moreov
high
sensit
detect
method
enabl
collect
reliabl
epidemiolog
data
date
studi
provid
data
middleeastern
region
season
flu
similar
observ
temper
countri
also
consist
semiseason
pattern
incid
knowledg
serv
baselin
data
expans
futur
surveil
studi
respiratori
virus
uae
middleeastern
region
would
like
acknowledg
physician
employe
depart
pulmonolog
intens
care
unit
emerg
depart
sheikh
khalifa
specialti
hospit
particip
collect
studi
specimen
project
receiv
financi
support
organ
