avian
infecti
bronchiti
viru
ibv
caus
econom
import
upper
respiratori
urogenit
tract
diseas
chicken
result
tracheal
rale
sneez
cough
reduc
weight
gain
reduct
egg
product
ibv
caus
agent
infecti
bronchiti
ib
belong
famili
coronavirida
found
worldwid
genom
ibv
consist
singlestrand
sens
rna
genom
encod
four
structur
protein
envelop
glycoprotein
integr
membran
glycoprotein
phosphoryl
nucleocapsid
protein
spike
glycoprotein
glycoprotein
cleav
posttransl
cellular
proteas
subunit
globular
subunit
form
tip
spike
extend
outward
wherea
subunit
anchor
moieti
viral
membran
subunit
involv
viral
infect
virusneutr
epitop
serotypespecif
sequenc
hemagglutinin
activ
differ
serotyp
subtyp
ibv
report
worldwid
includ
korea
variou
serotyp
thought
develop
nucleotid
insert
delet
point
mutat
rna
recombin
subunit
sinc
ibv
first
report
korea
nephropathogen
ibv
recogn
varieti
serotyp
ibv
report
korea
ibv
isol
exhibit
variant
pattern
distinguish
nonkorean
ibv
isol
analysi
revers
transcriptasepolymeras
chain
reactionrestrict
fragment
length
polymorph
rtpcrrflp
object
studi
genet
character
recent
ibv
isol
korea
glycoprotein
gene
korean
ibv
amplifi
rtpcr
amplifi
gene
classifi
rflp
analysi
clone
sequenc
compar
nonkorean
publish
ibv
sequenc
rtpcrrflp
phylogenet
tree
analysi
recent
korean
ibv
isol
classifi
genet
level
three
distinct
group
two
includ
indigen
korean
ibv
isol
one
repres
new
phylogenet
group
twelv
ibv
isol
propag
kidney
trachea
cecal
tonsil
suspect
ib
carrier
use
embryon
spf
chicken
egg
accord
standard
procedur
histori
isol
shown
tabl
procedur
rna
isol
revers
transcriptasepolymeras
chain
reaction
rtpcr
previous
describ
viral
rna
isol
purifi
allanto
fluid
collect
embryon
spf
chicken
egg
inocul
ibv
isol
use
qiaamp
minelut
viru
spin
kit
qiagen
usa
amplif
gene
rtpcr
perform
use
one
forward
primer
togeth
one
revers
primer
ctaaactaacataaggg
rt
reaction
synthesi
cdna
consist
purifi
rna
pmol
degener
primer
rt
premix
accupow
rt
premix
bioneer
korea
mixtur
incub
min
heat
min
stop
reaction
pcr
reaction
pmol
primer
cdna
ad
accupow
pcr
premix
bioneer
korea
pcr
perform
cycl
denatur
sec
anneal
sec
polymer
sec
final
polymer
step
min
pcr
product
analyz
agaros
gel
predict
size
pcr
product
bp
amplif
product
excis
agaros
gel
purifi
use
geneclean
turbo
kit
qbiogen
usa
restrict
enzym
haeiii
use
digest
gene
amplif
product
previous
describ
result
rflp
pattern
observ
electrophoresi
agaros
gel
twelv
ibv
isol
select
rflp
analysi
sequenc
pcr
product
cut
agaros
gel
purifi
use
geneclean
turbo
kit
qbiogen
usa
purifi
pcr
product
clone
pgemt
easi
vector
promega
usa
transform
jm
compet
cell
promega
usa
cell
carri
recombin
plasmid
select
luriabertani
agar
plate
contain
ampicillin
xgal
iptg
plasmid
dna
sequenc
prepar
use
ezna
plasmid
miniprep
kit
omega
biotec
usa
sequenc
perform
promot
primer
use
abi
prism
dna
analyz
appli
biosystem
usa
ibv
isol
two
three
independ
clone
origin
differ
pcr
reaction
sequenc
order
guard
possibl
error
aris
rtpcr
clone
step
nucleotid
sequenc
data
compil
analyz
use
clustal
v
method
megalign
softwar
dna
star
usa
phylogenet
tree
glycoprotein
gener
use
maximum
parsimoni
method
bootstrap
replic
heurist
search
paup
softwar
program
sinauer
associ
usa
sequenc
data
gene
report
paper
ad
genbank
databas
tabl
sequenc
use
comparison
phylogenet
analysi
studi
obtain
follow
genbank
databas
access
number
arkansa
beaudett
x
connecticut
gray
mass
initi
classif
ibv
isol
accomplish
rtpcrrflp
analysi
twelv
korean
ibv
separ
four
group
rflp
analysi
fig
six
twelv
isol
rflp
pattern
ibv
strain
isol
korea
rflp
pattern
isol
correspond
ibv
arkansa
strain
rflp
pattern
isol
relat
arkansa
strain
uniqu
pattern
three
korean
ibv
gener
ident
variant
rflp
pattern
gene
korean
ibv
strain
sequenc
character
isol
nucleotid
deduc
amino
acid
sequenc
ibv
isol
determin
compar
sequenc
publish
nonkorean
ibv
strain
tabl
fig
korean
ibv
nucleotid
sequenc
ident
nonkorean
ibv
korean
ibv
amino
acid
sequenc
similar
beau
nonkorean
ibv
deduc
amino
acid
sequenc
korean
ibv
align
sequenc
publish
korean
nonkorean
strain
fig
variat
observ
among
residu
number
refer
strain
phylogenet
tree
construct
nucleotid
deduc
amino
acid
sequenc
glycoprotein
gene
korean
nonkorean
ibv
fig
twelv
korean
ibv
group
three
distinct
cluster
recent
ibv
isol
form
first
independ
branch
six
addit
ibv
form
second
group
along
strain
group
type
previous
final
isol
form
third
group
relat
ibv
gray
strain
although
masstyp
live
attenu
vaccin
inactiv
vaccin
wide
use
control
ib
diseas
continu
problem
korea
twelv
korean
ibv
analyz
studi
first
rtpcrrflp
nucleotid
sequenc
glycoprotein
gene
korean
ibv
field
isol
studi
character
use
rtpcrrflp
analysi
pathogen
test
sequenc
virus
report
accord
prior
analys
type
common
repres
genotyp
iii
among
five
genotyp
yield
distinct
rflp
pattern
pcrrflp
analysi
use
restrict
enzym
hae
iii
eco
ri
bam
hi
pathogen
test
isol
associ
mortal
sever
nephriti
renal
urat
deposit
kidney
infect
chick
wherea
strain
mere
caus
respiratori
distress
one
two
day
inocul
vaccin
could
protect
chick
challeng
isol
rtpcrrflp
analysi
recent
ibv
isol
ibv
produc
rflp
pattern
correspond
ibv
strain
therefor
ibv
seem
major
ibv
korea
studi
half
korean
ibv
isol
sequenc
classifi
belong
type
rflp
analysi
nucleotid
sequenc
ident
amino
acid
sequenc
similar
although
ibv
exhibit
ident
rflp
pattern
differ
genet
composit
might
still
exist
could
affect
behavior
field
condit
phylogenet
tree
korean
ibv
isol
examin
form
three
differ
group
half
korean
ibv
classifi
ibv
type
consist
result
obtain
rtpcrrflp
analysi
three
ibv
recent
isol
korea
form
distinct
cluster
relat
type
share
amino
acid
sequenc
similar
type
ibv
higher
similar
nonkorean
korean
ibv
three
ibv
share
uniqu
rflp
pattern
howev
previous
report
therefor
korean
ibv
isol
seem
repres
new
korean
ibv
variant
character
ibv
isol
virusneutr
test
warrant
remain
isol
cluster
group
although
isol
classifi
arkansa
type
pcrrflp
analysi
show
variou
rflp
pattern
either
strain
gener
two
rflp
pattern
spite
belong
group
phylogenet
tree
analysi
may
fact
consist
mixtur
two
differ
kind
virus
distinguish
possibl
requir
character
use
clone
virus
evolut
ibv
appear
influenc
mani
factor
use
multipl
strain
vaccin
popul
densiti
host
immun
statu
addit
transcript
ibv
rna
genom
high
error
rate
widespread
use
variou
vaccin
made
heterolog
ibv
field
may
also
exert
pressur
result
increas
new
genet
variant
korea
summari
korean
field
ibv
isol
found
differ
publish
nonkorean
ibv
strain
nucleotid
amino
acid
sequenc
phylogenet
tree
analysi
reveal
three
distinct
group
one
previous
report
appear
ibv
continu
evolv
korea
therefor
indigen
ibv
isol
consid
initi
candid
protect
current
ibv
infect
chicken
virusneutr
crosschalleng
test
need
character
new
ibv
select
strain
vaccin
