host
immun
respons
retinoid
x
receptor
alpha
deubiquitin
enzym
program
dicer
molecul
proinflammatori
cytokin
chemokin
host
cell
viabil
host
myeloid
cell
leukemia
factor
shrna
