feder
republ
germani
present
million
cattl
million
calv
month
age
annual
product
cattl
exce
billion
dm
satisfi
frg
total
beef
consumpt
veal
consumpt
figur
emphas
enorm
econom
import
cattl
breed
product
frg
great
respons
veterinari
medicin
establish
maintain
healthi
product
cattl
popul
interact
mani
differ
microbi
nonmicrobi
factor
latter
diseas
develop
synergist
interact
varieti
agent
especi
shortli
calv
crowd
togeth
veal
product
begin
cold
season
acut
viral
diseas
calv
import
feder
republ
germani
summar
tabl
calf
rear
fatten
mainli
plagu
enzoot
bronchopneumonia
mucos
diseas
ibripv
rotaand
coronaviru
infect
recent
year
work
particularli
incid
acut
calf
diseas
develop
diagnost
control
measur
recent
year
two
virus
demonstr
play
role
complex
diarrhoeal
diseas
newborn
calv
first
socal
nebraska
calf
diarrhoea
viru
nonenvelop
rna
contain
reolik
viru
call
rotaviru
secondli
coronaviru
also
contain
rna
envelop
clublik
project
tabl
although
two
virus
differ
properti
mani
similar
respect
pathogenesi
bovin
rotavirus
coronavirus
strong
affin
epitheli
cell
small
intestin
coronavirus
also
affin
epithelium
colon
infect
virus
rapidli
lead
loss
function
method
use
electron
microscopi
use
faecal
filtrat
immunofluoresc
demonstr
antigencontain
cell
faec
bachmann
bachmann
ibripv
infect
known
germani
decad
recent
infect
produc
mostli
genit
lesion
infecti
pustular
vulvovagin
infecti
balanoposth
ipb
ibp
last
two
year
respiratori
form
observ
increas
diseas
due
ibripv
viru
enceph
abort
play
role
accord
experi
epizootiolog
ibripv
frg
variabl
viru
much
common
northern
southern
germani
much
common
bull
artifici
insemin
station
anim
ordinari
farm
ibripv
viral
infect
diagnos
clinic
sign
diagnosi
mainli
perform
isol
viru
demonstr
neutral
antibodi
regard
antibodi
test
reliabl
method
control
ibripv
frg
regul
partli
law
especi
use
vaccin
measur
depend
current
diseas
situat
exampl
incid
infect
popul
region
herd
natur
diseas
respiratori
genit
form
acut
persist
control
difficult
ibripv
viru
infect
tend
becom
persist
viru
excret
intermitt
year
also
common
occurr
infect
without
clinic
sign
one
vaccin
type
use
immun
prophylaxi
straub
straub
wizigmann
tabl
iii
effect
control
bvdmd
possibl
activ
immun
combin
necessari
wfth
hygien
measur
isol
quarantin
disinfect
treatment
diseas
known
success
symptomat
therapi
limit
tabl
iv
immun
prophylaxi
bvdmd
frg
combin
vaccin
made
inactiv
agent
commerci
avail
also
live
vaccin
develop
institut
live
viru
vaccin
produc
cell
cultur
attenu
clinic
ill
without
symptom
evalu
pattern
diseas
vaccin
necessari
take
account
fact
alreadi
infect
popul
vaccin
case
loss
decreas
gradual
parallel
develop
activ
immun
vaccin
clinic
ill
anim
die
other
recov
healthi
anim
becam
ill
other
remain
healthi
result
trial
summar
tabl
v
show
clearli
vaccin
effect
rapidli
complet
stop
diseas
infect
popul
enzoot
bovin
bronchopneumonia
also
often
call
cattl
flu
viral
pneumonia
enzoot
bronchiti
complex
etiolog
may
classifi
multifactori
infecti
diseas
present
diseas
thought
caus
primarili
virus
trigger
convert
infect
diseas
may
nonmicrobi
factor
diseas
also
complic
bacteri
infect
wizigmann
wizigmann
et
al
among
particip
virus
beef
product
farm
form
may
occur
season
alway
associ
crowd
attent
must
also
paid
method
husbandri
age
anim
time
vaccin
kind
vaccin
andor
drug
use
form
administ
wizigmann
et
al
seasondepend
form
enzoot
bronchopneumonia
vaccin
agentspecif
vaccin
import
success
combin
vaccin
deriv
inactiv
agent
bovin
adenovirus
type
type
parainfluenza
develop
basi
investig
epidemiolog
pathogenesi
bovin
enzoot
bronchopneumonia
wizigmann
wizigmann
et
al
data
vaccin
ooo
anim
problem
herd
four
vaccin
campaign
vaccin
morbid
herd
decreas
mortal
decreas
anim
owner
satisfi
vaccin
result
veterinarian
evalu
efficaci
vaccin
good
good
herd
wizigmann
et
al
enzoot
bovin
bronchopneumonia
associ
crowd
seem
prophylact
measur
first
nonspecif
use
call
paramunityinduc
mayr
mayr
et
al
follow
supplement
agentspecif
vaccin
paramunityinduc
increas
nonspecif
resist
infect
short
term
induc
interferon
product
activ
lymphopoiet
cell
system
mayr
mayr
et
al
paramun
induc
differ
natur
known
mayr
use
bovin
practic
biolog
induc
safe
live
vaccin
e
g
bvdmd
advantag
combin
nonspecif
specif
effect
practic
induc
vaccin
prefer
administeredtogeth
far
obtain
good
result
prepar
pindavi
produc
inactiv
avipoxviru
heterolog
mammal
wizigmann
unpublish
observ
administ
combin
vaccin
deriv
inactiv
agent
one
must
consid
age
anim
danger
vaccin
provoc
exampl
vaccin
incub
period
anim
bought
week
age
vaccin
first
paramun
induc
follow
cattl
flue
vaccin
week
later
week
age
also
advantag
contrast
orf
viru
vaccin
given
subcutan
without
loss
immunogen
bovin
malign
catarrh
fever
also
enzoot
frg
differenti
diagnosi
confus
mucos
diseas
ibripv
especi
occur
calv
exot
diseas
rinderpest
blue
tongu
also
exclud
diseas
diagnos
basi
clinic
sign
patholog
chang
abl
isol
viru
thyroid
cell
cultur
effect
control
difficult
diseas
occur
sporad
diseas
suspect
case
slaughter
immedi
unfavour
prognosi
specif
prophylaxi
therapi
possibl
know
properti
viru
caus
bovin
malign
catarrh
fever
frg
isol
countri
prove
herpesvirus
plowright
