replic
virus
must
gain
access
host
cell
resourc
interferon
ifn
regul
action
larg
complement
interferon
effector
gene
ieg
prevent
viral
replic
interferon
induc
transmembran
protein
famili
member
ieg
requir
inhibit
influenza
viru
dengu
viru
west
nile
viru
replic
vitro
report
ifn
prevent
emerg
viral
genom
endosom
pathway
necessari
suffici
function
notabl
viral
pseudoparticl
inhibit
transfer
content
host
cell
cytosol
ifn
requir
suffici
action
demonstr
ifn
expand
structur
overexpress
suffici
phenotyp
moreov
partial
resid
late
endosom
lysosom
structur
place
path
invad
virus
collect
data
consist
predict
virus
fuse
late
endosom
lysosom
vulner
action
virus
enter
cell
surfac
earli
endosom
may
avoid
inhibit
multipl
virus
enter
host
cell
late
endocyt
pathway
mani
invad
attenu
ifn
therefor
find
like
signific
intrins
immun
system
neutral
divers
array
threat
pandem
provid
strong
remind
threat
influenza
viru
pose
world
health
http
www
effect
mean
protect
influenza
season
vaccin
howev
vaccin
match
viral
strain
effect
reduc
less
among
small
molecul
two
approv
influenza
drug
remain
effect
zanamivir
relenza
oseltamivir
tamiflu
although
resist
zanamivir
rare
increas
oseltamivirresist
flu
strain
concern
drug
target
viral
neuraminidas
na
preclud
combinatori
therapi
minim
resist
thu
research
identifi
new
antiinfluenza
strategi
would
use
influenza
viru
nm
size
encod
protein
contain
eight
segment
neg
singlestrand
genom
rna
influenza
viru
infect
initi
cleavag
activ
viral
hemaglutinnin
ha
envelop
receptor
host
proteas
ha
bind
sialyl
protein
cell
surfac
elicit
endocytosi
viral
particl
endocytos
virus
transport
earli
late
endosom
late
endosom
acidif
trigger
conform
chang
ha
result
viralhost
membran
fusion
fusion
transit
hemifus
intermedi
fusion
pore
viru
eight
viral
ribonucleoprotein
vrnp
enter
cytosol
vrnp
subsequ
guid
host
cell
karyopherin
nucleu
wherein
viral
rnadepend
rna
polymeras
synthes
viral
genom
vrna
mrna
export
cytosol
culmin
product
viral
progeni
genet
screen
identifi
multipl
host
factor
pathway
modul
influenza
viru
infect
vitro
use
genet
screen
identifi
ifitm
protein
famili
member
antivir
factor
capabl
block
influenza
virus
test
antivir
activ
protein
use
season
influenza
strain
found
similar
level
viral
inhibit
account
signific
portion
ifn
type
ii
abil
decreas
influenza
viru
infect
vitro
resid
vesicular
compart
ifninduc
addit
ifitm
famili
inhibit
infect
flavivirus
dengu
viru
west
nile
viru
well
filovirus
ebola
marburg
sar
coronaviru
ifitm
protein
also
block
vesicular
stomat
virusg
protein
vsvg
mediat
entri
substanti
alter
replic
moloney
leukemia
viru
mlv
sever
arena
virus
hepat
c
viru
hcv
human
ifitm
protein
identifi
year
ago
base
express
ifn
stimul
gene
cluster
chromosom
encod
protein
contain
two
transmembran
domain
separ
conserv
intracellular
loop
cil
termini
extracellular
intravesicular
cil
well
conserv
ifitm
protein
larg
group
protein
repres
protein
famili
famili
member
exist
bacteria
member
man
member
member
chordata
depth
function
data
avail
member
ifitm
protein
present
across
wide
rang
speci
includ
amphibian
fish
fowl
mammal
ifitm
protein
describ
role
immun
cell
signal
adhes
cancer
germ
cell
physiolog
bone
miner
express
inhibit
growth
ifnrespons
cancer
cell
genet
evid
also
point
requir
earli
bone
miner
ifitmdel
mice
null
five
murin
ifitm
gene
display
perinat
mortal
among
null
pup
thereaft
grow
develop
normal
control
set
howev
cell
deriv
ifitmdel
mice
suscept
influenza
viru
infect
vitro
inhibit
infect
influenza
viru
strain
test
includ
pandem
isol
two
contemporari
season
vaccin
virus
found
potent
ifitm
protein
famili
member
decreas
influenza
viru
replic
viral
pseudoparticl
differenti
inhibit
ifitm
protein
base
specif
viral
receptor
express
surfac
therefor
hypothes
ifitm
protein
inhibit
suscept
viru
famili
orthomyxovirida
flavivirida
rhabdovirida
filovirida
coronavirida
envelopedepend
earli
phase
infect
cycl
extend
viral
bind
cell
surfac
receptor
creation
fusion
pore
viral
host
membran
support
notion
recent
work
demonstr
ifitm
protein
overexpress
prevent
influenza
virion
access
acidifi
compart
consist
act
endocytos
virus
portion
resid
structur
contain
host
cell
endosom
lysosom
protein
furthermor
inhibit
influenza
viru
infect
depend
palmitoyl
posttransl
modif
target
protein
membran
compart
directli
test
idea
restrict
influenza
viral
infect
envelopedepend
earli
phase
viral
lifecycl
consist
previou
studi
find
inhibit
influenza
viral
infect
viralhost
bind
endocytosi
prior
primari
viral
transcript
moreov
use
combin
assay
find
either
ifn
high
level
imped
influenza
virus
transfer
content
host
cell
cytosol
necessari
ifnmedi
action
therefor
conclud
ifn
act
predominantli
block
viral
fusion
also
find
ifn
expand
late
endosom
lysosom
compart
overexpress
suffici
phenotyp
studi
also
present
data
show
overexpress
lead
expans
enlarg
acidifi
compart
consist
lysosom
autolysosom
interestingli
observ
virus
trap
endocyt
pathway
cell
traffick
expand
acidifi
compart
base
result
other
present
model
wherebi
ifn
act
via
prevent
viral
fusion
therebi
direct
endocytos
virus
lysosom
autolysosom
subsequ
destruct
collect
studi
expand
understand
restrict
grow
number
virus
exploit
share
viral
vulner
aris
use
host
endocyt
pathway
inhibit
haexpress
pseudoparticl
ifitm
protein
point
toward
restrict
occur
envelopedepend
phase
viral
lifecycl
therefor
test
impact
proxim
phase
infect
viral
bind
incub
influenza
viru
multipl
infect
moi
lung
carcinoma
cell
either
stabli
overexpress
empti
vector
control
cell
line
fig
sampl
incub
ice
permit
viral
bind
prevent
endocytosi
incub
cell
wash
cold
media
fix
stain
ha
analyz
flow
cytometri
observ
appreci
differ
surfac
bound
ha
vector
cell
also
differ
surfacebound
viru
seri
tenfold
dilut
viral
supernat
data
shown
also
determin
stabl
express
alter
surfac
level
sialyl
cellsurfac
protein
fig
investig
impact
initi
viral
mrna
product
infect
canin
kidney
cell
either
express
empti
vector
mdckvector
inf
luenza
viru
apuerto
moi
use
purifi
high
titer
stock
avail
next
viral
supernat
remov
warm
media
ad
min
indic
time
cell
process
stain
posit
strand
np
mrna
use
specif
rna
probe
set
red
fig
imag
influenza
epidem
exact
great
toll
world
health
thu
research
identifi
new
antiinfluenza
viru
strategi
would
use
cell
contain
antivir
factor
work
inhibit
infect
larg
compon
antivir
program
regul
interferon
famili
signal
molecul
seek
better
understand
one
antivir
factor
contribut
baselin
well
interferoninduc
antagon
influenza
viral
infect
found
interferon
prevent
influenza
viru
enter
cell
block
viru
fusion
cellular
membran
furthermor
learn
requir
antivir
action
interferon
high
level
alon
produc
similar
viral
inhibit
togeth
result
improv
understand
serv
defend
us
viral
invas
earli
stage
infect
confoc
microscop
base
np
mrna
stain
primari
viral
transcript
begin
min
pi
vector
control
np
mrna
signal
increas
min
export
viral
mrna
cytosol
observ
decreas
primari
viral
transcript
seen
compar
cell
vector
control
line
therefor
inhibit
influenza
viral
infect
viralhost
bind
primari
viral
mrna
transcript
ifn
interfer
vrnp
nuclear
entri
necessari
suffici
antivir
defens
next
use
confoc
imag
track
nuclear
transloc
vrnp
fig
start
infect
np
within
infect
cell
complex
viral
genom
rna
form
vrnp
therefor
immunostain
np
permit
us
follow
vrnp
distribut
intracellularli
normal
diploid
human
lung
fibroblast
cell
stabli
transduc
empti
vector
vector
cdna
short
hairpin
rna
shrna
either
scrambl
nontarget
control
shscrambl
fig
chosen
normal
karyotyp
rel
larger
flatter
morpholog
cell
first
incub
ice
moi
next
viral
supernat
remov
warm
media
ad
min
indic
time
warm
cell
fix
permeabil
stain
np
dna
imag
confoc
microscop
imag
analysi
softwar
use
creat
outlin
cell
peripheri
white
line
nucleu
blue
line
base
np
stain
vrnp
arriv
nuclei
min
vector
control
shscrambl
cell
np
signal
increas
min
fig
contrast
observ
decreas
nuclear
increas
cytosol
np
stain
cell
fig
moreov
cell
greater
cytosol
np
coloc
lysotrack
red
ltred
dye
mark
acid
cellular
compart
late
endosom
lysosom
ph
ad
warm
media
time
zero
fig
increas
np
cytosol
cell
like
aris
part
increas
local
concentr
virus
anp
western
blot
trypsin
cell
remov
adher
np
show
substanti
differ
intern
np
level
cell
line
min
post
infect
pi
data
shown
requir
antivir
action
ifn
vitro
perform
companion
experi
cell
treat
ifna
fig
ifna
treatment
also
decreas
np
nuclear
stain
cell
howev
block
complet
associ
similar
level
cytosol
np
stain
seen
high
level
consist
gainoffunct
data
deplet
decreas
ifn
abil
block
vrnp
traffick
nucleu
fig
b
compar
top
bottom
row
similar
result
obtain
either
use
cell
fig
use
mdck
cell
latter
experi
employ
addit
influenza
viral
strain
aichi
fig
c
data
shown
import
note
level
protein
cell
higher
seen
treatment
ifna
c
fig
howev
observ
overexpress
protein
either
protect
viral
infect
expand
lysosomeautolysosom
compart
data
shown
argu
specif
effect
better
assess
expand
ltred
compart
observ
overexpress
creat
mdck
cell
stabli
express
lysosom
protein
fuse
red
fluoresc
protein
compar
ifn
prevent
vrnp
nuclear
entri
necessari
suffici
action
normal
diploid
human
fibroblast
cell
stabli
transduc
retrovirus
contain
either
shrna
empti
viral
vector
alon
vector
nontarget
control
shrna
shscrambl
fig
cell
incub
ice
warm
media
ad
time
zero
cell
fix
indic
time
pi
stain
np
green
dna
analyz
confoc
microscopi
imag
analysi
softwar
use
defin
cell
cytosol
white
line
nuclear
peripheri
blue
line
base
dic
imag
dna
stain
respect
red
arrow
cytosol
compart
contain
np
imag
repres
four
independ
experi
scale
bar
mm
b
except
cell
treat
ifna
prior
infect
control
cell
cell
demonstr
extens
coloc
np
signal
reveal
enter
virus
traffick
lysosom
compart
fig
extend
analysi
directli
track
locat
vrna
contain
incom
vrnp
mdck
cell
stabli
express
empti
vector
use
timecours
experi
fig
indic
time
cell
process
stain
neg
strand
np
vrna
use
specif
rna
probe
set
green
seen
cell
observ
nuclear
transloc
vrna
min
pi
mdckvector
cell
fig
nuclear
vrna
signal
strongli
decreas
overexpress
base
averag
number
vrna
particl
present
per
nucleu
fig
consist
result
vrna
accumul
cytosol
cell
coloc
ltredstain
acid
structur
fig
similar
level
retain
cytosol
vrnp
observ
experi
without
ltred
data
shown
interestingli
observ
loss
vrna
signal
acid
inclus
cell
min
pi
fig
comparison
vrna
control
cell
increas
number
nucleu
cytosol
would
expect
nuclear
export
newli
synthes
viral
genom
next
evalu
vrnp
transloc
murin
embryon
fibroblast
mef
deriv
anim
five
ifitm
gene
delet
compar
wildtyp
wt
match
litter
mate
control
mef
display
fold
nuclear
np
stain
without
ifnc
treatment
fig
ifnmedi
viral
restrict
restor
transduc
null
mef
retroviru
express
fig
similar
observ
overexpress
cell
line
major
vrnp
signal
ifnctreat
wt
cell
local
acid
compart
red
fig
increas
acid
compart
occur
ifnc
treatment
either
wt
mef
cell
suggest
requir
event
fig
similar
result
obtain
ifna
data
shown
conclud
experi
use
ortholog
reagent
cell
line
influenza
virus
method
ifn
imped
vrnp
nuclear
entri
necessari
suffici
activ
viral
pseudoparticl
fusion
mediat
either
ha
vsvg
envelop
protein
decreas
ifn
necessari
suffici
activ
character
mechan
restrict
use
establish
viral
fusion
assay
lentivir
pseudoparticl
contain
blactamas
protein
fuse
accessori
protein
vpr
blamvpr
express
either
ha
na
vsvg
envelop
protein
incub
h
cell
load
blactamas
flourogen
substrat
upon
viral
pseudoparticl
fusion
blamvpr
enter
cytosol
cleav
produc
wave
length
shift
emit
light
green
blue
analyz
flow
cytometri
fig
cell
observ
decreas
haand
vsvgdirect
fusion
compar
block
produc
poison
host
vacuolar
atpas
vatpas
low
dose
bafilomycin
baf
fig
inhibit
vatpas
prevent
lowph
activ
requir
two
viral
envelop
protein
produc
membran
fusion
block
fusion
pseudoparticl
express
afpv
subtyp
ha
also
detect
mdck
cell
mef
either
wild
type
wt
b
miss
five
mous
ifitm
protein
either
left
untreat
left
panel
buffer
treat
right
panel
ifnc
follow
day
cell
incub
ice
cell
next
incub
warm
media
contain
ltred
cell
fix
indic
time
immunostain
antinp
antibodi
green
stain
dna
blue
imag
confoc
microscopi
imag
analysi
softwar
use
defin
nuclear
boundari
blue
line
imag
repres
three
independ
experi
scale
bar
mm
compris
lentivir
pseudoparticl
pp
contain
blactamas
protein
fuse
accessori
protein
vpr
blamvpr
shown
orang
express
ha
na
surfac
incub
h
cell
subsequ
load
blactamas
flourogen
substrat
upon
viral
fusion
blamvpr
enter
cytosol
cleav
produc
wavelength
shift
green
blue
emit
light
analyz
flow
cytometri
b
mdck
cell
stabli
overexpress
empti
vector
control
cell
mdckvector
expos
h
viral
pseudoparticl
contain
blamvpr
express
either
ha
na
envelop
protein
influenza
viru
vsvg
envelop
protein
vsvgpp
load
incub
indic
pseudoparticl
cell
fix
assay
cleavag
determin
convers
fluoresc
emiss
nm
uncleav
nm
cleav
use
flow
cytometri
fusion
pseudoparticl
inhibit
bafilomycin
baf
result
repres
six
independ
experi
c
inhibit
fusion
normal
diploid
fibroblast
fibroblast
stabli
transduc
empti
vector
v
expos
h
serial
dilut
contain
blamvpr
without
baf
result
repres
four
independ
experi
fusion
increas
knockdown
fibroblast
stabli
transduc
shrna
shrna
control
scrambl
sequenc
shscr
cdna
expos
either
viru
vsvgpp
contain
blamvpr
result
repres
two
independ
experi
e
fusion
inhibit
ifnc
fibroblast
treat
ifnc
h
buffer
alon
prior
incub
contain
blamvpr
result
repres
three
independ
experi
chicken
embryon
fibroblast
chef
strongli
inhibit
viral
replic
fig
b
c
case
mdck
cell
block
fusion
close
parallel
level
inhibit
seen
pseudoparticl
test
product
infect
use
express
readout
fig
consist
earlier
find
pseudoparticl
express
amphotrop
mlv
envelop
protein
insensit
show
specif
result
fig
similarli
effect
pseudoparticl
inhibit
replic
infecti
avian
influenza
viru
isol
fatal
human
infect
fig
enhanc
analysi
test
two
addit
cell
line
hela
cell
strong
block
fusion
cell
similar
baf
uninfect
control
sampl
seen
rang
serial
dilut
pseudoparticl
well
increas
fusion
deplet
fig
ifn
treatment
inhibit
fusion
pseudoparticl
albeit
lesser
extent
overexpress
fig
effect
larg
absent
stabli
deplet
hela
cell
fig
similar
result
obtain
ifna
data
shown
base
experi
use
multipl
cell
line
ha
vsvg
mlv
envelopeexpress
pseudoparticl
conclud
requir
suffici
ifnmedi
block
viral
pseudoparticl
fusion
importantli
increas
pseudoparticl
fusion
seen
endogen
deplet
either
hela
cell
line
argu
fusion
inhibit
underli
first
line
defens
provid
endogen
well
overexpress
mxa
ifninduc
larg
gtpase
interfer
secondari
transcript
influenza
viral
replic
cell
express
mxa
use
extens
influenza
viral
replic
studi
therefor
clarifi
antivir
role
mxa
test
level
viral
replic
cell
stabli
express
one
three
shrna
target
three
cell
line
show
increas
infect
strain
strong
knockdown
compar
neg
control
cell
line
express
shrna
firefli
luciferas
shluc
without
ifn
treatment
fig
b
major
protect
effect
either
ifna
c
lost
cell
line
next
confirm
baselin
level
well
ifninduc
mxa
cell
fig
also
determin
mxa
present
ifninduc
normal
fibroblast
anoth
cell
line
use
lossoffunct
experi
work
fig
furthermor
studi
cell
show
mxa
express
ifninduc
vesicular
pattern
structur
appreci
coloc
vesicl
contain
fig
conclud
mxa
express
cell
line
fulli
compens
loss
antivir
action
present
endosom
lysosom
compart
expand
overexpress
ifn
treatment
data
demonstr
ifn
inhibit
viral
fusion
influenza
viru
fuse
host
membran
late
endosom
ph
decreas
late
endosomallysosom
small
gtpase
requir
fusion
mani
phdepend
virus
includ
influenza
viru
previou
report
shown
coloc
compon
lysosom
multivesicular
bodi
respect
howev
relationship
within
host
cell
infrastructur
remain
unknown
therefor
investig
locat
undertak
immunoflouresc
studi
use
antibodi
recogn
although
baselin
level
cell
low
partial
coloc
observ
either
fig
also
partial
coloc
ltredcontain
structur
seen
overexpress
fig
b
interestingli
either
overexpress
ifn
increas
stain
intens
fig
b
partial
coloc
also
seen
either
endogen
exogen
express
fluoresc
fusion
protein
mdck
cell
fig
howev
case
coloc
complet
cell
contain
area
uniqu
label
protein
western
blot
indic
overexpress
led
modest
increas
protein
cell
fig
howev
blot
also
show
ifn
treatment
cell
increas
protein
level
expect
amount
remain
unchang
conclud
partial
resid
late
endosom
lysosom
compart
along
overexpress
ifn
treatment
expand
compart
mechan
fulli
explain
increas
protein
express
alon
assay
show
incom
influenza
virus
retain
expand
acid
compart
overexpress
cell
line
well
ifnctreat
mef
partial
local
structur
fig
therefor
extend
investig
compart
increas
acid
structur
seen
mdck
cell
overexpress
compar
control
cell
line
use
either
vital
acidophil
stain
acridin
orang
ao
ltred
cathepsinl
substrat
fluoresc
proteolyz
compar
correspond
vector
control
cell
fig
b
b
cathepsin
famili
lysosom
zymogen
activ
acid
environ
ph
requir
degrad
endocyt
substrat
entri
sever
virus
flow
cytometri
reveal
increas
total
ltred
fluoresc
signal
mdck
cell
line
compar
control
fig
expand
compart
repres
heterogen
popul
lysosom
autolysosom
base
confoc
imag
show
coloc
autophagosom
marker
microtubuleassoci
protein
light
chain
either
ltred
latter
resid
multivesicular
bodi
amphisom
autolysosom
fig
e
furthermor
cell
stabli
transduc
protein
fuse
red
fluoresc
protein
mcherri
enhanc
green
fluoresc
protein
egfp
show
predominantli
red
signal
occur
protein
resid
insid
acidifi
interior
autolysosom
fig
keep
previou
report
ifnc
induc
autophagi
detect
enhanc
ltred
stain
either
ifnc
treat
mef
cell
fig
conclud
increas
level
expand
lysosomalautolysosom
compart
report
sever
novel
find
regard
antivir
action
ifn
transmembran
ieg
first
studi
demonstr
ifn
inhibit
nuclear
transloc
vrnp
requir
ifnmedi
block
endogen
overexpress
inhibit
vrnp
nuclear
entri
second
either
endogen
overexpress
well
ifn
treatment
block
fusion
viral
pseudoparticl
express
variou
influenza
viru
envelop
protein
subtyp
ha
vsvg
envelop
protein
block
specif
fusion
pseudoparticl
express
mlv
envelop
inhibit
third
work
reveal
partial
resid
late
endosom
thu
place
posit
block
influenza
viru
cytosol
access
fourth
overexpress
ifn
induc
expans
late
endosom
lysosom
compart
contain
fifth
show
similar
ifnc
treatment
overexpress
expand
number
size
autolysosom
compart
trap
virus
traffick
subsequ
degrad
consist
previou
report
data
show
high
level
prevent
viral
access
acidifi
compart
coloc
contrast
report
note
exclus
overexpress
structur
therefor
work
add
substanti
interpret
previou
report
demonstr
key
downstream
event
viral
lifecycl
fusion
vrnp
nuclear
transloc
prevent
either
ifn
thu
repres
previous
unappreci
class
antivir
effector
permit
viral
entri
endosom
compart
prevent
egress
cytosol
studi
also
rais
new
question
includ
ifn
prevent
viral
fusion
ii
ifn
alter
endosom
autolysosom
compart
iii
latter
action
requir
viral
restrict
altern
aris
outcom
potenti
cellular
role
base
substanti
loss
ifn
potenc
observ
deplet
loss
viral
inhibit
fig
b
conclud
inhibit
viral
emerg
endosom
pathway
promin
compon
ifn
antagon
influenza
viru
replic
vitro
data
also
show
mxa
fulli
compens
loss
ifntreat
cell
challeng
influenza
viru
recent
work
dittmann
et
al
zimmermann
et
al
reveal
human
influenza
viral
strain
evolv
mean
evad
mxa
suggest
possibl
explan
cellular
relianc
protect
vitro
similarli
ieg
prevent
viral
replic
target
viral
triphosphaterna
ppprna
destruct
given
necessari
major
ifnmedi
restrict
influenza
viru
vitro
may
viru
also
evolv
mean
least
partial
nullifi
perhap
via
massiv
product
short
decoy
ppprna
previous
postul
primarili
resid
endosom
compart
partli
coloc
overexpress
ifn
stimul
caus
endocytos
virus
accumul
acid
compart
contain
togeth
blamvpr
fusion
assay
data
result
reveal
prevent
viralhost
membran
fusion
within
late
endosom
like
within
lysosom
well
light
studi
show
ifitmmedi
restrict
filovirus
coronavirus
depend
cathepsinmedi
activ
prior
fusion
trap
viru
path
termin
degrad
environ
support
experi
show
eventu
loss
detect
vrna
signal
ltredposit
compart
cell
thu
reveal
fate
viral
fit
condit
studi
also
reveal
elev
level
correl
expans
host
cell
structur
contain
also
present
structur
mef
experi
ifn
produc
increas
immunostain
addit
increas
acid
structur
present
explain
increas
signal
seen
ifn
stimul
overexpress
sole
slight
elev
abund
protein
detect
immunoblot
two
possibl
explan
increas
immunostain
observ
ifn
stimul
induc
protein
cluster
togeth
altern
unmask
sequest
epitop
find
latter
possibl
less
like
sinc
flouresc
fusion
protein
also
show
larger
intens
signal
similar
condit
envis
cluster
organel
protein
cargo
might
contribut
host
cell
antivir
state
earlier
work
report
correl
size
acidifi
compart
level
viral
restrict
howev
observ
increas
level
result
expans
lysosom
autolysosom
increas
viral
inhibit
observ
might
explain
common
mechan
underli
increas
structur
viral
inhibit
addit
rais
possibl
play
role
ifitmmedi
viral
restrict
common
characterist
share
virus
late
endosomaland
lysosomalassoci
small
gtpase
requir
influenza
viru
infect
virus
previous
test
mlv
arena
virus
hepaciviru
hcv
entri
virus
influenza
dengu
ebola
marburg
sar
reli
stand
hypothesi
lack
effect
vsvgmediat
entri
express
domin
neg
howev
addit
studi
shown
vsvgdirect
entri
depend
transport
late
endosom
latter
result
togeth
huang
et
al
weidner
et
al
consist
predict
virus
fuse
late
endosom
lysosom
vulner
action
virus
whose
genom
enter
cell
surfac
earli
endosom
may
avoid
full
effect
note
unabl
demonstr
block
replic
use
tzmbl
hela
cell
work
address
differ
publish
studi
data
shown
studi
togeth
previou
work
demonstr
permit
endocytosi
virus
prevent
viral
fusion
subsequ
entri
viral
content
cytosol
blamvpr
fusion
assay
demonstr
inhibit
fusion
ifn
note
assay
use
indirect
readout
assess
entri
viral
content
therefor
sever
possibl
could
explain
contain
neutral
virus
within
endosom
pathway
includ
alter
endosom
traffick
acidif
host
membran
fusion
characterist
bend
modulu
elast
addit
work
requir
defin
mechan
lack
toxic
seen
cell
stabli
overexpress
high
level
suggest
gross
alter
endogen
traffick
ph
control
unlik
data
shown
therefor
overexpress
activ
produc
enhanc
antivir
state
may
effect
prevent
strategi
high
risk
period
vulner
popul
propos
ifn
caus
degrad
endocytos
virus
prevent
content
enter
host
cytosol
necessari
suffici
defens
figur
mode
defens
could
envis
effect
mean
neutral
pathogen
organismwid
threat
action
might
confer
advantag
host
simpli
decreas
viral
attach
andor
entri
repuls
virus
would
free
attack
neighbor
cell
cours
consider
differ
simpl
scenario
direct
phagocytosi
pathogen
special
immun
cell
ie
macrophag
similar
nonetheless
suggest
earli
prototyp
evolv
defens
mechan
cell
line
cultur
condit
mdck
hela
cell
atcc
chicken
embryon
fibroblast
chef
charl
river
lab
grown
complet
media
dmem
invitrogen
cat
fb
invitrogen
cell
atcc
cultur
dmem
invitrogen
cat
contain
nonessenti
amino
acid
invitrogen
cat
fb
wild
type
match
mef
adult
mice
intercross
mef
deriv
embryo
day
gestat
describ
previous
mef
genotyp
pcr
western
blot
gener
cell
previous
describ
retrovir
vector
empti
vector
control
clontech
previous
describ
dna
blue
e
mdck
cell
stabli
transduc
vector
alon
immunostain
confoc
imag
endogen
red
endogen
green
dna
blue
f
confoc
imag
mdck
cell
overexpress
empti
vector
alon
show
distribut
fluoresc
intens
stabli
express
fusion
protein
use
fluoresc
channel
detect
light
emit
mcherri
protein
egfp
merg
dna
blue
g
model
restrict
viru
replic
endocytos
virus
enter
late
endosom
present
prevent
viral
fusion
within
endosom
like
lysosom
via
unknown
mechan
perhap
alter
ph
membran
characterist
lipid
composit
transport
speed
destin
trap
virus
traffick
lysosom
andor
autolysosom
undergo
degrad
kindli
deposit
jayanta
debnath
gener
provid
walther
moth
section
microbi
pathogenesi
yale
univers
school
medicin
follow
shrna
sequenc
sens
strand
sequenc
provid
clone
papm
shrnaexpress
lentivir
vector
creat
virus
use
gener
knockdown
cell
line
fig
influenza
viru
apuerto
charl
river
lab
kind
gift
dr
peter
pales
microbiolog
dept
mt
sinai
school
medicin
ny
ny
propag
assess
viral
infect
previous
describ
influenza
viru
propag
character
previous
describ
human
interferon
ifn
c
invitrogen
use
ngml
human
pbl
interferon
sourc
use
uml
cell
incub
cytokin
h
prior
viral
infect
experi
unless
otherwis
note
murin
ifnc
pbl
interferon
sourc
use
ngml
wholecel
extract
prepar
cell
lysi
equival
protein
content
boil
sd
sampl
buffer
resolv
sd
page
transfer
immobilonp
membran
millipor
probe
indic
antibodi
cell
seed
glass
coverslip
influenza
viru
infect
experi
cell
incub
ice
min
time
zero
viral
supernat
remov
media
ad
without
lysotrack
red
invitrogen
indic
time
point
postwarm
cell
wash
twice
dpb
sigma
incub
second
room
temperatur
trypsin
invitrogen
cell
wash
complet
media
twice
fix
formalin
pfa
sigma
dpb
imag
analysi
quantit
vrnp
nuclear
transloc
done
use
imari
bitplan
scientif
softwar
gener
mask
nucleu
appli
mask
channel
contain
viral
signal
puncta
determin
vrna
puncta
contain
nucleu
cell
incub
co
min
either
lysotrack
red
acridin
orang
immunochemistri
technolog
hoechst
dna
stain
invitrogen
incub
cell
final
min
cathepsin
l
flourogen
substrat
assay
perform
per
manufactur
instruct
cathepsin
l
magic
red
immunochemistri
technolog
cell
visual
live
confoc
microscopi
cell
fix
pfa
dpb
incub
sequenti
tween
sigma
bsa
glycin
sigma
dpb
primari
secondari
antibodi
list
slide
mount
vectashield
dapi
counterstain
vector
lab
slide
imag
use
zeiss
lsm
laser
scan
invert
confoc
microscop
equip
follow
object
zeiss
capochromat
uvvisir
water
zeiss
planapochromat
dic
oil
zeiss
planapochromat
dic
oil
imag
analysi
perform
use
zen
softwar
zeiss
laser
intens
detector
sensit
set
remain
constant
imag
acquisit
within
respect
experi
nuclear
outlin
gener
use
metamorph
softwar
suit
molecular
devic
use
kirschprewitt
filter
defin
boundari
subtract
origin
binari
imag
follow
antibodi
use
studi
either
experi
employ
quantigen
viewrna
slidebas
assay
kit
affymetrix
cat
compon
sourc
unless
note
rna
visual
follow
modifi
manufactur
protocol
chang
made
includ
omiss
ethanol
dehydr
step
use
vectashield
mount
media
postfix
pfa
cell
adher
coverslip
incub
deterg
solut
incub
cell
incub
proteinas
k
next
cell
incub
hybrid
solut
contain
viewrna
probe
set
design
either
neg
strand
rna
np
genom
vrna
affymetrix
qg
viewrna
type
probe
set
np
influenza
viru
probe
set
posit
strand
np
mrna
cell
incub
hybrid
preamplifi
hybrid
buffer
b
final
cell
incub
label
probe
hybrid
buffer
c
wash
imag
step
follow
two
dpb
wash
sialic
acid
linkag
express
studi
cell
stabli
transduc
overexpress
empti
express
vector
pqcxip
clontech
grown
confluenc
dissoci
trypsinfre
edtabas
dissoci
buffer
invitrogen
min
cell
incub
fitcconjug
sambucu
nigra
lectin
sna
vector
lab
detect
sialic
acid
linkag
biotinyl
maackia
amurensi
lectin
ii
mal
vector
lab
detect
sialic
acid
linkag
follow
invitrogen
cell
incub
lectin
individu
combin
result
stain
indistinguish
cell
stain
violet
cellimperm
dye
invitrogen
cell
includ
analysi
viabl
fscssc
viabil
dye
bind
assay
cell
transduc
empti
vector
pqxcip
detach
use
enzym
free
pbsbase
dissoci
buffer
wash
cold
pb
extens
cell
viru
prechil
ice
min
mix
moi
incub
h
rotat
cell
wash
extens
ice
cold
pb
fix
use
pfa
cell
probe
antiha
mous
monoclon
antibodi
wistar
collect
coriel
institut
clone
h
room
temperatur
follow
antimous
conjug
antibodi
invitrogen
h
pb
wash
analyz
flow
cytometri
figur
overexpress
alter
surfac
level
sialyl
protein
cell
stabli
transduc
empti
vector
incub
biotinyl
maackia
amurensi
lectin
ii
mal
detect
sialic
acid
linkag
follow
well
fitcconjug
sambucu
nigra
lectin
sna
detect
sialic
acid
linkag
percentag
vector
cell
stain
posit
sialic
acid
linkag
upper
right
hand
quadrant
compar
unstain
control
b
overexpress
vector
cell
compar
regard
sialic
acid
linkag
doublestain
popul
pdf
figur
arrest
influenza
viru
acid
cytosol
inclus
prevent
vrnp
nuclear
transloc
normal
diploid
human
fibroblast
cell
stabli
transduc
retrovirus
contain
b
nontarget
control
shrna
shscrambl
cell
incub
ice
warm
media
contain
ltred
red
ad
time
zero
cell
fix
min
pi
stain
np
green
dna
analyz
confoc
microscopi
imag
analysi
softwar
use
defin
cell
cytosol
white
line
nuclear
peripheri
blue
line
base
dic
imag
dna
stain
respect
imag
repres
four
independ
experi
figur
express
rescu
ifncmedi
inhibit
vrnp
nuclear
transloc
mef
mef
stabli
overexpress
left
untreat
left
panel
buffer
treat
right
panel
ifnc
follow
day
cell
incub
ice
moi
cell
next
incub
warm
media
contain
ltred
min
cell
fix
indic
time
pi
immunostain
antinp
antibodi
green
imag
confoc
microscopi
imag
analysi
softwar
use
defin
nuclear
boundari
blue
line
imag
repres
three
independ
experi
scale
bar
cm
b
percent
coloc
vrnp
ltred
compart
indic
mef
cell
line
without
ifnc
treatment
shown
indic
time
pi
c
quantit
nuclear
vrnp
particl
number
vrnp
particl
per
nucleu
mef
cell
line
without
ifnc
treatment
indic
time
point
shown
valu
repres
mean
sd
three
independ
experi
western
blot
whole
cell
lysat
indic
mef
probe
antimous
use
gapdh
load
control
pdf
figur
fusion
viral
pseudoparticl
express
ha
envelop
subtyp
mlv
envelop
decreas
inhibit
replic
infecti
viru
mdck
cell
stabli
transduc
empti
vector
incub
pseudoparticl
express
ha
subtyp
cell
fix
assay
cleavag
use
flow
cytometri
result
repres
three
independ
experi
b
chicken
embryon
fibroblast
chef
cell
stabli
express
empti
vector
control
incub
pseudoparticl
express
either
two
avian
influenza
viral
ha
subtyp
data
repres
three
independ
experi
c
chef
cell
stabli
transduc
empti
vector
control
overexpress
infect
h
stain
ha
protein
red
dna
blue
averag
percent
infect
given
three
independ
experi
sd
magnif
mdckvector
cell
incub
pseudoparticl
express
amphotrop
mlv
envelop
protein
mlvpp
assay
cleavag
use
flow
cytometri
result
repres
two
independ
experi
e
infect
haexpress
pseudoparticl
decreas
mdckvector
cell
line
infect
indic
pseudoparticl
h
cell
immunostain
express
protein
express
integr
lentivir
genom
percent
infect
provid
result
repres
three
independ
experi
magnif
f
cell
stabli
transduc
retrovirus
contain
empti
viral
vector
alon
infect
influenza
viru
vn
h
cell
fix
stain
viral
np
express
green
dna
blue
valu
given
percentag
infect
cell
repres
two
independ
experi
g
western
blot
lysat
cell
line
probe
indic
antibodi
h
cell
line
infect
increas
amount
vn
twelv
hour
infect
cell
immunostain
np
express
score
infect
statu
valu
repres
two
independ
experi
pdf
figur
requir
ifn
inhibit
hamedi
fusion
hela
cell
stabli
transduc
retrovirus
contain
either
shrna
nontarget
control
shrna
shscr
cell
left
untreat
left
panel
treat
ifnc
right
panel
expos
h
contain
blamvpr
incub
pseudoparticl
cell
fix
assay
cleavag
flow
cytometri
figur
ifn
treatment
expand
structur
increas
size
number
acidifi
organel
confoc
imag
cell
treat
buffer
ifna
ifnc
immunostain
either
endogen
red
endogen
green
dna
blue
arrow
denot
larger
structur
stain
seen
predominantli
ifnc
treatment
scale
bar
mm
b
cell
treat
either
buffer
ifnc
incub
ltred
fixat
dna
stain
blue
follow
confoc
imag
imag
figur
repres
three
independ
experi
pdf
