virus
use
rna
genet
materi
divers
group
oblig
parasit
associ
infecti
deadli
human
diseas
genom
rna
virus
highli
vari
either
doublestrand
singlestrand
latter
neg
posit
polar
rna
viru
genom
also
either
segment
wherebi
segment
typic
encod
one
viral
protein
unimolecular
singl
polyprotein
translat
cleav
form
individu
viral
protein
genet
divers
rna
virus
stem
high
rate
spontan
mutat
made
develop
antivir
therapi
vaccin
extrem
challeng
increas
mutat
frequenc
primarili
due
lack
proofread
rnadepend
rna
polymeras
rdrp
requir
replic
mani
rna
virus
elev
mutat
rate
believ
reason
rna
viru
genom
usual
restrict
length
less
kb
therefor
tend
smaller
encod
fewer
protein
mani
dna
virus
rna
virus
divers
mode
replic
larg
depend
genom
configur
positivesens
singlestrand
rna
virus
coronavirus
hepat
c
viru
hcv
viral
genom
function
mrna
directli
translat
viral
polyprotein
host
ribosom
viral
protein
form
membraneassoci
replic
complex
rc
cytoplasm
provid
site
viral
rna
synthesi
negativestrand
rna
virus
rabi
influenza
must
initi
use
viral
rdrp
produc
monocistron
mrna
mrna
translat
produc
viral
protein
product
new
viral
genom
first
requir
synthesi
positivesens
rna
convert
negativesens
viral
genom
case
viru
replic
assembl
requir
format
ribonucleoprotein
rnp
complex
contain
viral
polymeras
nucleoprotein
retrovirus
uniqu
class
rna
virus
whose
lifecycl
contain
dna
intermedi
requir
integr
host
cell
genom
prior
viral
gene
express
retroviru
genom
consist
two
ident
positivestrand
rna
molecul
kb
cap
end
polyadenyl
end
follow
cell
entri
viral
revers
transcriptas
rt
enzym
use
gener
doublestrand
dna
dsdna
molecul
rna
templat
transport
nucleu
integr
cellular
dna
requir
anoth
virusencod
enzym
known
integras
viral
mrna
export
cytoplasm
translat
viral
protein
remaind
packag
new
viral
genom
sinc
integr
viral
cdna
requir
break
cellular
dna
activ
host
dna
repair
pathway
consequ
retrovir
infect
discuss
detail
rna
virus
member
famili
orthomyxovirida
retrovirida
least
part
replic
cycl
take
place
nucleu
major
howev
replic
occur
exclus
cytoplasm
therefor
impact
viral
lifecycl
nucleu
may
less
sever
case
mani
dna
virus
howev
protein
encod
rna
virus
often
transport
nucleu
perturb
cellular
function
inhibit
antivir
respons
discuss
nuclear
activ
may
involv
direct
indirect
introduct
dna
damag
impair
subsequ
cellular
respons
integr
genom
constant
attack
agent
abl
damag
dna
dna
damag
gener
endogen
cellular
process
exogen
agent
estim
cell
accumul
ten
thousand
lesion
per
cell
per
day
endogen
cellular
process
caus
dna
damag
includ
gener
reactiv
oxygen
speci
ro
gener
base
damag
dna
polymeras
error
replic
caus
dna
mismatch
abort
action
enzym
dna
topoisomeras
topi
dna
topoisomeras
ii
topii
lead
dna
strand
break
exogen
agent
ultraviolet
uv
radiat
ionis
radiat
ir
well
infect
rang
microorgan
also
result
signific
dna
damag
rapid
accur
repair
dna
lesion
vital
cellular
surviv
mainten
genom
stabil
accur
repair
dna
damag
caus
erron
chang
genet
code
lead
increas
mutat
load
elev
risk
develop
cancer
respond
genotox
lesion
induc
dna
damag
agent
cell
evolv
complex
mechan
dna
damag
detect
repair
collect
term
dna
damag
respons
ddr
ddr
pathway
compris
highli
coordin
network
protein
rapidli
activ
presenc
dna
damag
ddr
compos
sensor
transduc
effector
togeth
form
signal
cascad
involv
complex
interact
posttransl
modif
figur
initi
cascad
lead
cell
cycl
arrest
activ
dna
repair
pathway
ddr
princip
mediat
kinas
famili
ataxia
telangiectasia
mutat
atm
atm
atr
dnadepend
protein
kinas
dnapk
member
poli
adpribos
polymeras
parp
famili
atm
dnapk
primarili
activ
doublestrand
break
dsb
whilst
atr
stimul
region
singlestrand
dna
ssdna
gener
dsb
stall
replic
fork
primarili
involv
detect
repair
singlestrand
break
ssb
dsb
discontinu
strand
dna
doublehelix
thought
singl
cell
accumul
endogenouslyinduc
dsb
per
day
earli
event
follow
dsb
format
detect
break
dsb
sensor
complex
mrn
mrn
complex
recruit
activ
transduc
kinas
atm
site
break
activ
atm
abl
phosphoryl
downstream
effector
protein
ddr
includ
histon
well
cell
cycl
checkpoint
protein
promot
cell
cycl
arrest
prevent
replic
damag
dna
phosphoryl
refer
allow
bind
mediat
dna
damag
checkpoint
break
subsequ
phosphoryl
atm
ubiquitin
histon
ubiquitin
ligas
preced
recruit
rang
dna
repair
protein
includ
breast
cancer
type
suscept
protein
protein
atr
activ
respons
numer
type
dna
damag
result
format
ssdna
region
ssdna
rapidli
coat
replic
protein
rpa
recruit
transduc
protein
atr
site
lesion
via
interact
atrinteract
protein
atrip
seri
protein
complex
factor
c
clamp
loader
complex
complex
consecut
recruit
ssdnarpa
complex
ultim
result
localis
topoisomeras
ii
bind
protein
abl
activ
atr
via
interact
atrip
complex
lead
phosphoryl
subsequ
activ
downstream
effector
protein
induc
cell
cycl
arrest
dna
repair
one
primari
function
ddr
initi
cell
cycl
arrest
follow
detect
dna
damag
thu
prevent
replic
mutat
dna
three
major
cell
cycl
checkpoint
defin
checkpoint
activ
stop
initi
replic
event
dna
damag
intra
sphase
checkpoint
activ
respons
replic
stress
slow
dna
synthesi
checkpoint
ensur
damag
chromosom
segreg
daughter
cell
mitosi
activ
checkpoint
follow
dna
damag
depend
activ
kinas
atm
atr
activ
rapidli
activ
checkpoint
phosphoryl
inactiv
phosphatas
prevent
activ
cyclin
complex
therebi
inhibit
sphase
entri
also
maintain
arrest
phosphoryl
stabilis
activ
increas
express
inhibit
cyclin
activ
intra
sphase
checkpoint
also
activ
phosphoryl
result
prevent
load
fire
replic
origin
addit
atm
also
signal
altern
pathway
sphase
requir
mrn
complex
phosphoryl
structur
mainten
chromosom
initi
arrest
inhibit
activ
cyclin
complex
via
phosphoryl
degrad
stabilis
follow
dna
damag
act
maintain
arrest
increas
phosphoryl
two
main
dsb
repair
mechan
nonhomolog
end
join
nhej
homolog
recombin
hr
repair
nhej
involv
coordin
network
protein
facilit
rapid
repair
stage
cell
cycl
nhej
dsb
first
recognis
heterodim
form
ringlik
structur
around
either
end
dsb
associ
lead
recruit
catalyt
subunit
dnapk
dnapkc
form
dnapk
holoenzym
dna
end
relig
must
restor
convent
p
termini
endprocess
enzym
artemi
dna
ligas
iv
complex
xlf
perform
dna
endjoin
dsb
termini
complet
nhej
occasion
nhej
result
loss
nucleotid
lead
inaccur
repair
addit
dna
end
region
genom
erron
relig
result
rearrang
chromosom
transloc
contrast
nhej
hr
occur
exclus
phase
cell
cycl
use
undamag
homolog
sister
chromatid
templat
accur
repair
dsb
first
process
endonucleas
produc
overhang
coat
rpa
rpa
displac
recombinas
form
nucleoprotein
filament
invad
undamag
strand
homolog
sister
chromatid
form
displac
loop
dloop
nucleoprotein
filament
search
undamag
sister
chromatid
use
templat
fill
miss
inform
damag
strand
hr
result
branch
structur
known
holliday
junction
must
resolv
endonucleas
restor
two
separ
strand
commonli
occur
dna
lesion
affect
singl
dna
strand
includ
ssb
modif
individu
nitrogen
base
replic
error
introduc
mismatch
nucleotid
mechan
correct
singlestrand
damag
utilis
undamag
dna
strand
templat
ensur
accur
repair
although
ssb
less
genotox
dsb
rapid
repair
critic
mainten
genom
integr
sinc
collaps
dsb
met
replic
fork
dna
replic
multipl
dna
repair
pathway
identifi
correct
singlestrand
damag
base
excis
repair
ber
correct
damag
singl
mismatch
modifi
base
principl
pathway
use
revers
oxid
dna
damag
ber
base
damag
detect
dna
glycosylas
excis
damag
base
creat
apurinicapyrimidin
ap
site
ap
endonucleas
incis
ap
site
gener
singlestrand
nick
dna
polymeras
fill
damag
region
seal
either
dna
ligas
ligas
iv
nucleotid
excis
repair
ner
respons
remov
helixdistort
bulki
lesion
cyclobutan
pyrimidin
dimer
cpd
photoproduct
induc
uv
radiat
ner
recognit
damag
region
follow
excis
bulki
lesion
xpg
endonucleas
gap
fill
carri
dna
polymeras
pol
pol
conjunct
pcna
ligat
ligas
complex
dna
base
mismatch
occur
due
dna
polymeras
error
repair
member
mismatch
repair
mmr
pathway
act
exclus
newli
synthesis
dna
strand
follow
detect
mismatch
base
complex
complex
recruit
follow
exonucleas
resect
damag
strand
dna
polymeras
pol
fill
gap
rfc
pcnadepend
manner
dna
ligas
ligat
newli
synthesis
strand
extens
dna
damag
repair
lead
activ
apoptot
pathway
respons
repres
crucial
barrier
malign
transform
increas
transcript
activ
follow
phosphoryl
ddr
kinas
induc
express
proapoptot
protein
bax
noxa
puma
trigger
cell
death
via
regul
mitochondri
permeabl
apoptot
pathway
also
activ
respons
rna
viru
infect
part
innat
adapt
immun
respons
invad
pathogen
although
virus
take
advantag
apoptot
machineri
aid
viral
matur
dissemin
regardless
impact
viral
lifecycl
apoptosi
contribut
significantli
viral
pathogenesi
exampl
human
immunodefici
viru
vpr
protein
promot
apoptosi
target
mitochondri
permeabl
transit
pore
complex
may
contribut
deplet
lymphocyt
vivo
addit
apoptosi
induc
influenza
viru
protein
contribut
lung
tissu
destruct
widespread
cell
death
may
caus
damag
aberr
inflammatori
respons
sinc
apoptosi
occur
prior
product
infecti
progeni
detriment
effect
viral
propag
rna
virus
also
evolv
mechan
inhibit
delay
process
hcv
proteas
contribut
viral
immun
evas
cleav
trif
compon
tolllik
receptor
signal
pathway
could
otherwis
trigger
cell
death
follow
recognit
viral
rna
hcv
core
protein
also
promot
cellular
surviv
activ
pathway
could
contribut
oncogen
potenti
viru
virus
induc
dna
damag
earli
lifecycl
impair
downstream
signal
apoptot
machineri
often
necessari
ensur
success
complet
viral
replic
appar
number
small
noncod
rna
ncrna
molecul
import
role
regul
ddr
includ
microrna
mirna
inhibit
gene
express
bind
promot
degrad
messeng
rna
mrna
famili
mirna
exampl
transcript
target
follow
ddr
activ
creat
posit
feedback
loop
repress
express
neg
regul
import
mirna
ddr
also
highlight
fact
deplet
mirna
process
protein
dicer
inhibit
repair
damag
dna
addit
set
rna
report
play
signific
role
ddr
known
drosha
dicerdepend
small
rna
ddrna
transcrib
dna
sequenc
close
site
damag
import
role
format
protein
aggreg
known
dna
damag
foci
varieti
possibl
role
ddrna
propos
includ
act
templat
dna
polymeras
guid
recruit
repair
protein
scaffold
repair
foci
long
noncod
rna
lncrna
rna
nucleotid
length
also
express
follow
dna
damag
recent
shown
lncrna
regul
level
site
dsb
well
interact
rna
bind
protein
role
dna
end
resect
mani
virus
known
caus
activ
ddr
lifecycl
may
occur
indirect
consequ
cellular
stress
caus
viral
infect
part
antivir
respons
aim
deactiv
invad
viral
genom
addit
viral
dna
may
recognis
damag
cellular
dna
mani
viral
protein
shown
caus
dna
lesion
directli
ddr
may
either
benefici
detriment
effect
viru
enhanc
inhibit
viral
replic
activ
ddr
deleteri
virus
may
deactiv
particular
pathway
still
make
use
certain
element
exampl
adenoviru
genom
join
end
end
form
concatem
host
cell
ddr
follow
infect
variou
disabl
virus
howev
wild
type
viru
abl
hijack
cellular
ubiquitin
ligas
target
signific
ddr
protein
rapid
proteasomemedi
degrad
despit
sever
ddr
factor
recruit
adenoviru
replic
centr
involv
viral
dna
synthesi
virus
whilst
activ
ddr
make
obviou
use
compon
exampl
optim
product
progeni
simian
viru
requir
phosphoryl
larg
antigen
atm
kinas
hand
also
initi
degrad
protein
involv
detect
dsb
larger
dna
virus
member
gammaherpesvirina
famili
similarli
intric
relationship
ddr
epsteinbarr
viru
ebv
exampl
induc
genom
instabl
ddr
activ
action
number
viral
protein
includ
howev
ebv
protein
attenu
downstream
ddr
signal
could
neg
impact
viral
lifecycl
complex
relationship
dna
virus
ddr
summaris
sever
recent
literatur
review
publish
review
focus
specif
aspect
interact
effect
cell
cycl
ubiquitin
particular
virus
isol
literatur
relev
rna
virus
ddr
much
limit
far
focus
hcv
retrovirus
human
tcell
lymphotrop
viru
follow
text
examin
introduct
dna
damag
follow
infect
rna
virus
well
consid
subsequ
activ
modul
host
ddr
pathway
exampl
includ
true
rna
virus
mostli
replic
cytoplasm
retrovirus
whose
lifecycl
includ
dna
intermedi
integr
host
cell
genom
summari
interact
sever
rna
virus
ddr
also
present
tabl
retrovirus
uniqu
class
intracellular
parasit
includ
order
replic
retrovirus
must
revers
transcrib
rna
genom
integr
subsequ
dna
intermedi
chromosom
host
cell
figur
viral
integras
protein
essenti
process
first
catalys
remov
two
nucleotid
viral
dna
particip
join
expos
hydroxyl
group
stagger
phosphat
host
chromatin
insert
retrovir
dna
result
creation
dsb
leav
singlestrand
gap
flank
integr
site
link
viral
host
dna
effici
repair
lesion
vital
host
cell
integr
subsequ
transcript
viral
genom
sinc
retrovir
protein
abil
repair
damag
identifi
long
specul
host
enzym
must
fulfil
role
sever
studi
examin
involv
host
ddr
retrovir
replic
identifi
nhej
pathway
central
postintegr
dna
repair
infect
murin
cell
lack
dnapk
essenti
enzym
nhej
three
differ
retrovirus
result
reduc
viral
dna
integr
high
level
apoptosi
addit
deplet
anoth
import
nhej
factor
shown
imped
replic
significantli
nhej
pathway
also
implic
circularis
unintegr
viral
dna
would
otherwis
sens
dna
damag
cell
lead
apoptosi
signific
evid
involv
nhej
retrovir
postintegr
repair
effici
lentiviru
transduct
demonstr
dnapk
defici
cell
suggest
least
circumst
altern
repair
pathway
could
involv
examin
role
atm
atr
kinas
retrovir
integr
result
sever
conflict
report
reduct
retrovir
transduct
observ
cell
transfect
dominantneg
form
atr
gene
atmdefici
cell
suggest
retrovir
lifecycl
reli
atrdepend
ddr
contrast
anoth
studi
found
small
molecul
inhibitor
atm
abl
suppress
replic
wild
type
drugresist
indic
key
role
kinas
viral
lifecycl
add
confus
research
question
import
either
kinas
show
rna
interfer
atm
atr
well
inhibit
caffein
gener
kinas
inhibitor
effect
effici
transduct
retroviralinduc
apoptosi
subsequ
shown
involv
ddr
kinas
retrovir
replic
vari
cell
type
may
partli
explain
discrep
observ
earlier
studi
implic
ssb
dsb
repair
dna
replic
genom
stabil
transcript
apoptosi
atm
atr
consider
disagr
role
retrovir
integr
follow
experiment
suppress
activ
sever
studi
claim
enzym
essenti
hiv
integr
other
state
dispens
well
use
vari
experiment
condit
fact
known
overlap
role
member
artd
parp
famili
mammalian
cell
may
explain
lack
consensu
report
recent
shown
rather
effect
viral
dna
integr
promot
transcript
repress
viral
dna
postintegr
via
epigenet
mechan
believ
minor
ssb
repair
independ
atm
atr
use
ber
pathway
target
sirna
screen
dna
repair
gene
reveal
inhibit
sever
factor
involv
shortpatch
ber
pathway
imped
replic
surprisingli
gene
involv
nhej
featur
promin
screen
subsequ
report
indic
ber
pathway
import
postintegr
repair
lentivir
infect
less
retrovirus
suggest
sequenc
site
prefer
integr
uniqu
retroviru
may
determin
choic
pathway
subsequ
repair
process
question
remain
import
host
ddr
protein
retrovir
replic
conflict
result
studi
may
stem
use
differ
cell
type
mani
necessarili
repres
model
vivo
retrovir
replic
combin
use
distinct
vectorbas
transduct
method
addit
mani
conclus
drawn
use
nonspecif
inhibitor
known
offtarget
effect
neg
rna
interfer
data
may
simpli
indic
express
small
amount
given
protein
requir
replic
process
also
evid
process
postintegr
repair
may
separ
classic
dna
repair
pathway
rais
possibl
inhibit
process
leav
import
cellular
function
intact
could
particularli
signific
given
target
viral
encod
protein
treat
infect
prove
problemat
due
high
mutat
rate
short
replic
cycl
viru
lentiviru
belong
retrovirida
famili
lentivirus
characteris
extend
incub
period
associ
chronic
diseas
affect
immun
central
nervou
system
well
known
caus
agent
acquir
immun
defici
syndrom
aid
develop
via
progress
deplet
cell
along
structur
regulatori
protein
also
encod
sever
accessori
protein
contribut
hiv
infect
pathogenesi
kda
viral
protein
r
vpr
one
accessori
molecul
studi
extens
context
interact
host
ddr
vpr
multipl
function
infect
process
includ
viral
host
gene
transcript
coactiv
nuclear
import
viral
dna
modul
activ
well
cell
cycl
apoptot
regul
vpr
abl
modul
host
cell
cycl
arrest
lymphocyt
inhibit
activ
cyclin
complex
follow
cell
cycl
arrest
vpr
express
promot
apoptosi
infect
cell
may
contribut
vivo
deplet
lymphocyt
regul
host
cell
cycl
believ
offer
signific
advantag
viru
earli
stage
infect
also
evid
viral
genom
express
optim
phase
vpr
arrest
cell
point
long
termin
repeat
ltr
activ
order
increas
transcript
viral
gene
addit
presenc
intern
ribosom
entri
site
ire
genom
could
select
enhanc
translat
viral
protein
arrest
express
vpr
caus
dna
damag
activ
ddr
pathway
propos
mechan
vpr
induc
cell
cycl
arrest
use
pulsedfield
gel
electrophoresi
pfge
assay
shown
vpr
induc
dsb
format
dna
lesion
depend
abil
vpr
bind
chromatin
group
subsequ
show
vpr
express
activ
pathway
upregul
hr
repair
demonstr
increas
format
foci
author
suggest
dsb
format
atm
activ
vpr
may
enhanc
integr
effici
well
contribut
pathogenesi
sever
studi
shown
activ
pathway
specif
requir
vprmediat
arrest
one
studi
demonstr
vpr
bind
directli
host
dna
potenti
interf
dna
replic
result
accumul
chromatinassoci
rpa
activ
atr
studi
fail
detect
dsb
format
atm
activ
follow
vpr
express
suggest
arm
ddr
may
dispens
vprinduc
cell
cycl
arrest
addit
studi
provid
evid
vpr
caus
replic
stress
cell
lead
format
rpa
foci
activ
atr
sever
downstream
substrat
howev
subsequ
argu
vpr
induc
arrest
via
molecular
mechan
distinct
induc
dna
damag
replic
stress
shown
expos
cell
agent
typic
induc
activ
uv
hydroxyurea
result
degrad
sphase
arrest
although
express
vpr
also
caus
phosphoryl
sphase
vprexpress
cell
abl
proceed
level
larg
unaffect
find
support
earlier
studi
use
inhibitor
ddr
kinas
found
accumul
cell
mediat
vpr
mechan
distinct
induc
dna
damag
vprinduc
cell
cycl
arrest
via
atr
activ
also
link
manipul
ubiquitin
proteasom
system
up
manipul
host
up
observ
sever
unrel
virus
includ
human
papillomaviru
hpv
hepat
b
viru
hbv
paramyxoviru
pmv
induc
polyubiquitin
degrad
cellular
factor
ultim
aid
viral
replic
vpr
bind
compon
ligas
complex
via
interact
vprbp
believ
caus
atr
activ
arrest
ubiquitin
unknown
target
inhibit
polyubiquitin
significantli
reduc
format
vprinduc
foci
uvinduc
foci
postul
vpr
may
trigger
degrad
dna
repair
regul
lead
recruit
dna
repair
protein
absenc
replic
stress
recent
vpr
found
interact
nucleas
scaffold
protein
involv
fanconi
anemia
repair
pathway
recruit
vprbp
follow
bind
shown
caus
prematur
activ
endonucleas
lead
replic
stress
abnorm
process
stall
replic
fork
interact
led
accumul
foci
indic
dna
damag
sphase
also
requir
vprmediat
arrest
presenc
vpr
also
suppress
induct
type
interferon
suggest
vpr
may
induc
process
viral
dna
would
otherwis
accumul
trigger
immun
respons
abil
vpr
caus
cell
cycl
arrest
wellestablish
phenomenon
although
mechan
behind
still
debat
vpr
express
increas
occurr
sever
marker
dna
damag
addit
studi
mention
vpr
also
link
increas
intracellular
ro
level
known
caus
dna
damag
infect
sever
rna
virus
despit
observ
requir
ddr
activ
cell
cycl
modul
vpr
question
one
studi
suggest
downstream
signal
may
modul
capac
vpr
induc
cell
cycl
arrest
apoptosi
manner
led
propos
could
function
anticanc
agent
deliv
via
genet
modifi
oncolyt
viru
howev
chemotherapeut
agent
effect
may
limit
potenti
vpr
induc
signific
genet
instabl
otherwis
healthi
cell
anoth
member
retrovirida
famili
etiolog
agent
aggress
cell
prolif
malign
adult
tcell
leukemia
atl
well
progress
neurolog
diseas
known
myelopathytrop
spastic
paraparesi
hamtsp
well
structur
protein
common
retrovirus
also
encod
number
regulatori
accessori
protein
includ
kda
viral
transactiv
known
tax
tax
classifi
viral
oncoprotein
essenti
cellular
transform
follow
infect
well
activ
cellular
pathway
promot
cellular
prolifer
interf
tumour
suppressor
function
tax
also
disrupt
cell
cycl
progress
introduc
dna
damag
interfer
dna
repair
tax
express
increas
intracellular
ro
level
interact
ubiquitinspecif
proteas
inhibit
antioxid
activ
well
activ
transcript
factor
creb
ro
induc
tax
shown
caus
dna
damag
cell
fibroblast
increas
express
senesc
marker
abil
tax
activ
pathway
also
link
format
dsb
due
stimul
nitric
oxid
product
well
increas
rosnoinduc
dna
damag
tax
express
also
lead
downregul
dna
polymeras
key
compon
ber
pathway
primarili
respons
correct
oxid
dna
lesion
addit
studi
found
ber
repair
impair
cell
express
tax
alon
known
enhanc
prolifer
infect
cell
multipl
studi
implic
tax
dysregul
cell
cycl
tax
impair
recruit
repair
foci
reduc
phosphoryl
rpa
enhanc
express
cellular
phosphatas
infer
activ
recruit
key
ddr
protein
allow
taxexpress
cell
enter
sphase
unrepair
dna
damag
tax
express
also
acceler
sphase
progress
interact
complex
replic
origin
unlicens
fire
replic
origin
result
replic
stress
genom
lesion
line
find
separ
studi
show
ectop
express
tax
lead
dsb
format
dna
replic
sphase
addit
author
demonstr
hr
repair
lesion
compromis
favour
errorpron
nhej
repair
pathway
subsequ
studi
group
confirm
tax
interfer
host
dna
replic
lead
fire
backup
replic
origin
dna
damag
increas
dna
damag
follow
express
tax
cell
alreadi
defici
hr
provid
evid
tax
caus
damag
independ
abil
depress
hr
function
tax
also
interact
cell
cycl
checkpoint
kinas
compromis
abil
host
cell
arrest
engag
dna
repair
pathway
follow
dna
damag
tax
bind
inhibit
kinas
activ
attenu
checkpoint
follow
treatment
ir
tax
also
interact
kinas
domain
impair
role
ddr
inhibit
dissoci
chromatin
tax
colocalis
nuclear
speckl
structur
also
contain
ddr
factor
dnapkc
tax
also
abrog
checkpoint
follow
uvinduc
dna
damag
cell
tax
caus
dna
damag
host
cell
elev
oxid
stress
stimul
unregul
dna
replic
concurr
undermin
cell
cycl
checkpoint
multipl
dna
repair
pathway
mani
aspect
oncogen
activ
tax
protein
clear
abil
introduc
dna
lesion
modul
ensu
cellular
respons
contribut
significantli
chromosom
instabl
characteris
malign
hcv
small
positivesens
singlestrand
rna
viru
genom
hcv
hepatotroph
caus
acut
chronic
hepat
persist
infect
lead
develop
liver
cirrhosi
hepatocellular
carcinoma
hcc
hcv
genom
encod
polyprotein
precursor
cleav
host
viral
proteas
produc
least
matur
structur
nonstructur
ns
protein
hcv
infect
stimul
product
via
activ
induc
synthas
ino
well
amplifi
releas
ro
host
cell
accumul
dsb
genet
abnorm
hcvinfect
cell
attribut
elev
level
ro
overwhelm
host
repair
mechan
potenti
drive
progress
hcvassoci
malign
well
induc
dna
damag
hcv
inhibit
host
dna
repair
pathway
often
direct
interact
viral
protein
host
ddr
factor
human
liver
hepatocellular
carcinoma
cell
express
hcv
core
protein
less
abl
repair
uvinduc
dna
damag
express
empti
vector
addit
reduc
express
mmr
gene
also
report
multipl
case
hcvassoci
hepatocellular
carcinoma
ber
lesser
extent
ner
respons
revers
oxid
damag
dna
reduc
express
glycosylas
involv
cleav
damag
base
initi
step
ber
observ
hcvinfect
cell
cultur
primari
tissu
sampl
patient
advanc
liver
diseas
associ
hcv
infect
furthermor
mice
hepatocyt
express
entir
hcv
open
read
frame
orf
exhibit
defect
cell
cycl
arrest
reduc
ner
downregul
hcv
protein
also
found
interfer
pathway
typic
activ
respons
dsb
hcv
proteas
interact
atm
caus
cytoplasm
transloc
render
cell
sensit
dna
damag
induc
ir
furthermor
hcv
core
protein
interact
inhibit
atm
activ
interf
format
mrn
complex
site
dsb
express
alon
lead
phosphoryl
atm
substrat
although
viral
protein
also
shown
inhibit
downstream
signal
mislocalis
nucleu
cytoplasm
despit
observ
hcv
protein
impair
atm
signal
also
demonstr
inhibit
ddr
pathway
suppress
replic
hcv
suggest
hcv
may
hijack
certain
ddr
factor
associ
atm
pathway
order
replic
genom
suggest
use
small
molecul
inhibitor
atm
could
use
imped
viral
replic
aid
treatment
hcvrelat
diseas
ibv
highli
infecti
avian
gammacoronaviru
primarili
target
cell
respiratori
tract
coronavirus
compris
divers
group
envelop
positivestrand
rna
virus
respons
sever
human
diseas
notabl
sever
acut
respiratori
syndrom
sar
epidem
coronavirus
form
replic
complex
associ
intracellular
membran
kb
genom
encod
replicas
protein
four
major
structur
protein
ibv
infect
inhibit
cell
growth
induc
cell
cycl
arrest
sphase
wild
type
cell
infect
cultur
cell
ibv
activ
pathway
underlin
phosphoryl
furthermor
inhibit
atr
rna
interfer
small
molecul
inhibitor
reduc
coronaviru
replic
inhibit
dnapk
atm
effect
dna
replic
stress
may
induc
ibv
via
interact
coronaviru
nonstructur
protein
dna
polymeras
lead
atr
activ
sphase
arrest
atrinduc
cell
cycl
arrest
appear
promot
condit
favour
viral
rna
cellular
dna
replic
although
dna
duplic
occur
nucleu
coronavirus
replic
exclus
cytoplasm
suggest
sphase
extens
benefit
process
ibv
mediat
transloc
abund
host
factor
nucleu
site
viral
replic
influenza
envelop
viru
part
orthomyxovirida
famili
also
contain
type
b
c
influenza
virus
influenza
negativesens
singlestrand
rna
genom
consist
eight
ribonucleoprotein
complex
encod
viral
gene
follow
cell
entri
negativesens
viral
rna
transport
nucleu
provid
templat
product
positivesens
mrna
molecul
export
cytoplasm
translat
viral
protein
influenza
virus
target
cell
upper
respiratori
tract
signific
sourc
human
morbid
mortal
develop
spread
flu
sever
subtyp
influenza
identifi
base
variat
viral
envelop
surfac
protein
haemagglutinin
ha
neuraminidas
na
comet
assay
reveal
influenza
subtyp
caus
dna
damag
leukocyt
earli
h
post
infect
dna
damag
maxim
h
although
signific
cell
death
observ
h
suggest
infect
cell
may
continu
prolifer
presenc
deleteri
mutat
subsequ
studi
found
infect
influenza
subtyp
caus
extens
chromatin
condens
fragment
dna
oligonucleosom
consist
apoptot
cell
death
anoth
major
influenza
subtyp
shown
induc
dna
strand
break
measur
appear
foci
epitheli
cell
immun
cell
dna
damag
persist
viral
clearanc
correl
elev
oxid
stress
associ
viral
infect
host
inflammatori
respons
appear
least
partial
respons
dna
damag
caus
influenza
infect
subsequ
play
role
localis
tissu
damag
characteris
viral
diseas
yet
determin
specif
influenza
protein
respons
dna
damag
induct
whether
particular
repair
pathway
compromis
viru
virus
rna
genom
respons
emerg
numer
highprofil
infecti
diseas
includ
aid
sar
well
caus
agent
sever
aggress
malign
substanti
genet
divers
high
mutat
rate
case
often
confound
therapeut
intervent
strategi
intensifi
need
greater
understand
rna
viru
lifecycl
regard
consider
interest
interact
pathogen
essenti
cellular
process
ddr
contribut
viral
propag
pathogenesi
virus
mention
potenti
introduc
genet
instabl
cours
infect
exact
mechan
dna
lesion
inflict
often
difficult
establish
virus
typic
modul
cell
cycl
progress
apoptot
pathway
order
ensur
effici
complet
replic
genet
materi
chang
lead
enhanc
cellular
prolifer
weaken
cell
cycl
checkpoint
result
replicationinduc
dna
damag
fail
trigger
cell
cycl
arrest
activ
dna
repair
pathway
furthermor
increas
gener
ro
common
featur
rna
viru
infect
wellcharacteris
sourc
endogen
dna
damag
ssb
base
damag
typic
inflict
ro
frequent
lead
deleteri
dsb
imped
dna
replic
machineri
result
fork
stall
collaps
process
retrovir
integr
trigger
upregul
dna
repair
pathway
sever
retrovir
protein
known
caus
dna
damag
suppress
dna
repair
rna
virus
may
conflict
interact
ddr
sever
stage
replic
cycl
potenti
inflict
dna
damag
direct
indirect
mechan
ddr
activ
follow
viral
entri
cell
repres
antivir
respons
lead
apoptosi
infect
cell
rna
virus
also
select
trigger
ddr
signal
promot
cellular
condit
favour
viral
replic
case
mani
dna
virus
rift
valley
fever
viru
rvfv
negativestrand
rna
viru
bunyavirida
famili
encod
nonstructur
nss
protein
caus
sphase
arrest
activ
pathway
chemic
inhibit
atm
signal
rvfv
infect
rescu
cell
sphase
stasi
significantli
reduc
level
viral
replic
case
appear
link
ddr
activ
cell
cycl
regul
exploit
ensur
maxim
product
progeni
viru
nss
protein
anoth
member
bunyavirida
famili
la
cross
viru
lacv
inhibit
type
interferon
respons
degrad
rna
polymeras
ii
subunit
evid
select
activ
ddr
compon
nss
could
crucial
promot
proteasom
degrad
case
lacv
limit
stimul
ddr
pathway
may
part
strategi
moder
innat
immun
respons
detriment
effect
wider
ddr
activ
circumv
rna
virus
also
acquir
surviv
advantag
target
specif
ddr
protein
tat
protein
exampl
suppress
activ
histon
acetyltransferas
involv
atm
activ
interact
lead
suppress
apoptot
respons
follow
dna
damag
could
therefor
promot
viral
replic
prolong
surviv
host
cell
tat
also
downregul
express
dnapkc
core
factor
nhej
repair
sensitis
tatexpress
cell
effect
ir
recent
interact
shown
impair
role
dnapkc
bcell
antibodi
class
switch
recombin
provid
possibl
mechan
could
regul
humor
immun
regardless
exact
sourc
dna
damag
consequ
ddr
activ
rna
viru
lifecycl
increas
genet
instabl
play
consider
role
pathogenes
virus
discuss
like
key
factor
drive
cellular
transform
speci
associ
tumour
develop
current
specif
case
regard
interact
rna
virus
ddr
less
numer
dna
virus
understand
research
focus
speci
import
human
health
concern
howev
doubt
exampl
increas
layer
complex
emerg
field
develop
